13  178
13
Iitial IWDPos=11
0.08333333333333333   0.08333333333333333   0.08333333333333333   0.08333333333333333   0.08333333333333333   0.08333333333333333   0.08333333333333333   0.08333333333333333   0.08333333333333333   0.08333333333333333   0.08333333333333333   0.0   0.08333333333333333   
sumofProp=1.0
sorted 0.0  0.08333333333333333  0.08333333333333333  0.08333333333333333  0.08333333333333333  0.08333333333333333  0.08333333333333333  0.08333333333333333  0.08333333333333333  0.08333333333333333  0.08333333333333333  0.08333333333333333  0.08333333333333333  
rand=0.720930600216183
0.0  0.08333333333333333  0.16666666666666666  0.25  0.3333333333333333  0.41666666666666663  0.49999999999999994  0.5833333333333333  0.6666666666666666  0.75  
next feature =8
0.09090909090909091   0.09090909090909091   0.09090909090909091   0.09090909090909091   0.09090909090909091   0.09090909090909091   0.09090909090909091   0.09090909090909091   0.0   0.09090909090909091   0.09090909090909091   0.0   0.09090909090909091   
sumofProp=1.0000000000000002
sorted 0.0  0.0  0.09090909090909091  0.09090909090909091  0.09090909090909091  0.09090909090909091  0.09090909090909091  0.09090909090909091  0.09090909090909091  0.09090909090909091  0.09090909090909091  0.09090909090909091  0.09090909090909091  
rand=0.3845338108315154
0.0  0.0  0.09090909090909091  0.18181818181818182  0.2727272727272727  0.36363636363636365  0.4545454545454546  
next feature =4
0.1   0.1   0.1   0.1   0.0   0.1   0.1   0.1   0.0   0.1   0.1   0.0   0.1   
sumofProp=0.9999999999999999
sorted 0.0  0.0  0.0  0.1  0.1  0.1  0.1  0.1  0.1  0.1  0.1  0.1  0.1  
rand=0.6662419936465644
0.0  0.0  0.0  0.1  0.2  0.30000000000000004  0.4  0.5  0.6  0.7  
next feature =7
0.1111111111111111   0.1111111111111111   0.1111111111111111   0.1111111111111111   0.0   0.1111111111111111   0.1111111111111111   0.0   0.0   0.1111111111111111   0.1111111111111111   0.0   0.1111111111111111   
sumofProp=1.0000000000000002
sorted 0.0  0.0  0.0  0.0  0.1111111111111111  0.1111111111111111  0.1111111111111111  0.1111111111111111  0.1111111111111111  0.1111111111111111  0.1111111111111111  0.1111111111111111  0.1111111111111111  
rand=0.9116176287200923
0.0  0.0  0.0  0.0  0.1111111111111111  0.2222222222222222  0.3333333333333333  0.4444444444444444  0.5555555555555556  0.6666666666666667  0.7777777777777779  0.8888888888888891  1.0000000000000002  
next feature =12
0.125   0.125   0.125   0.125   0.0   0.125   0.125   0.0   0.0   0.125   0.125   0.0   0.0   
sumofProp=1.0
sorted 0.0  0.0  0.0  0.0  0.0  0.125  0.125  0.125  0.125  0.125  0.125  0.125  0.125  
rand=0.6316724504943335
0.0  0.0  0.0  0.0  0.0  0.125  0.25  0.375  0.5  0.625  0.75  
next feature =6
0.14285714285714285   0.14285714285714285   0.14285714285714285   0.14285714285714285   0.0   0.14285714285714285   0.0   0.0   0.0   0.14285714285714285   0.14285714285714285   0.0   0.0   
sumofProp=0.9999999999999998
sorted 0.0  0.0  0.0  0.0  0.0  0.0  0.14285714285714285  0.14285714285714285  0.14285714285714285  0.14285714285714285  0.14285714285714285  0.14285714285714285  0.14285714285714285  
rand=0.524894059259312
0.0  0.0  0.0  0.0  0.0  0.0  0.14285714285714285  0.2857142857142857  0.42857142857142855  0.5714285714285714  
next feature =3
0.16666666666666666   0.16666666666666666   0.16666666666666666   0.0   0.0   0.16666666666666666   0.0   0.0   0.0   0.16666666666666666   0.16666666666666666   0.0   0.0   
sumofProp=0.9999999999999999
sorted 0.0  0.0  0.0  0.0  0.0  0.0  0.0  0.16666666666666666  0.16666666666666666  0.16666666666666666  0.16666666666666666  0.16666666666666666  0.16666666666666666  
rand=0.03506536860218956
0.0  0.0  0.0  0.0  0.0  0.0  0.0  0.16666666666666666  
next feature =0
0.0   0.2   0.2   0.0   0.0   0.2   0.0   0.0   0.0   0.2   0.2   0.0   0.0   
sumofProp=1.0
sorted 0.0  0.0  0.0  0.0  0.0  0.0  0.0  0.0  0.2  0.2  0.2  0.2  0.2  
rand=0.062008082226302275
0.0  0.0  0.0  0.0  0.0  0.0  0.0  0.0  0.2  
next feature =1
0.0   0.0   0.25   0.0   0.0   0.25   0.0   0.0   0.0   0.25   0.25   0.0   0.0   
sumofProp=1.0
sorted 0.0  0.0  0.0  0.0  0.0  0.0  0.0  0.0  0.0  0.25  0.25  0.25  0.25  
rand=0.6547455669236323
0.0  0.0  0.0  0.0  0.0  0.0  0.0  0.0  0.0  0.25  0.5  0.75  
next feature =9

#############################################################
Cross Validation Accuracy = 94.9438%
94.9438
**********************Path soil matrix for iwd**********************
0.0  99992.80000044998  1000000.0  1000000.0  1000000.0  1000000.0  1000000.0  1000000.0  1000000.0  1000000.0  1000000.0  1000000.0  1000000.0  
1000000.0  0.0  1000000.0  1000000.0  1000000.0  1000000.0  1000000.0  1000000.0  1000000.0  99991.90000050623  1000000.0  1000000.0  1000000.0  
1000000.0  1000000.0  0.0  1000000.0  1000000.0  1000000.0  1000000.0  1000000.0  1000000.0  1000000.0  1000000.0  1000000.0  1000000.0  
99993.70000039371  1000000.0  1000000.0  0.0  1000000.0  1000000.0  1000000.0  1000000.0  1000000.0  1000000.0  1000000.0  1000000.0  1000000.0  
1000000.0  1000000.0  1000000.0  1000000.0  0.0  1000000.0  1000000.0  99997.30000016872  1000000.0  1000000.0  1000000.0  1000000.0  1000000.0  
1000000.0  1000000.0  1000000.0  1000000.0  1000000.0  0.0  1000000.0  1000000.0  1000000.0  1000000.0  1000000.0  1000000.0  1000000.0  
1000000.0  1000000.0  1000000.0  99994.60000033746  1000000.0  1000000.0  0.0  1000000.0  1000000.0  1000000.0  1000000.0  1000000.0  1000000.0  
1000000.0  1000000.0  1000000.0  1000000.0  1000000.0  1000000.0  1000000.0  0.0  1000000.0  1000000.0  1000000.0  1000000.0  99996.40000022497  
1000000.0  1000000.0  1000000.0  1000000.0  99998.20000011247  1000000.0  1000000.0  1000000.0  0.0  1000000.0  1000000.0  1000000.0  1000000.0  
1000000.0  1000000.0  1000000.0  1000000.0  1000000.0  1000000.0  1000000.0  1000000.0  1000000.0  0.0  1000000.0  1000000.0  1000000.0  
1000000.0  1000000.0  1000000.0  1000000.0  1000000.0  1000000.0  1000000.0  1000000.0  1000000.0  1000000.0  0.0  1000000.0  1000000.0  
1000000.0  1000000.0  1000000.0  1000000.0  1000000.0  1000000.0  1000000.0  1000000.0  99999.10000005622  1000000.0  1000000.0  0.0  1000000.0  
1000000.0  1000000.0  1000000.0  1000000.0  1000000.0  1000000.0  99995.50000028122  1000000.0  1000000.0  1000000.0  1000000.0  1000000.0  0.0  
best Cva for genaration0 is =94.9438
best path for genaration0 is =11--->8--->4--->7--->12--->6--->3--->0--->1--->9--->
0.0  189986.32000085496  1000000.0  1000000.0  1000000.0  1000000.0  1000000.0  1000000.0  1000000.0  1000000.0  1000000.0  1000000.0  1000000.0  
1000000.0  0.0  1000000.0  1000000.0  1000000.0  1000000.0  1000000.0  1000000.0  1000000.0  189984.6100009618  1000000.0  1000000.0  1000000.0  
1000000.0  1000000.0  0.0  1000000.0  1000000.0  1000000.0  1000000.0  1000000.0  1000000.0  1000000.0  1000000.0  1000000.0  1000000.0  
189988.03000074805  1000000.0  1000000.0  0.0  1000000.0  1000000.0  1000000.0  1000000.0  1000000.0  1000000.0  1000000.0  1000000.0  1000000.0  
1000000.0  1000000.0  1000000.0  1000000.0  0.0  1000000.0  1000000.0  189994.87000032054  1000000.0  1000000.0  1000000.0  1000000.0  1000000.0  
1000000.0  1000000.0  1000000.0  1000000.0  1000000.0  0.0  1000000.0  1000000.0  1000000.0  1000000.0  1000000.0  1000000.0  1000000.0  
1000000.0  1000000.0  1000000.0  189989.74000064118  1000000.0  1000000.0  0.0  1000000.0  1000000.0  1000000.0  1000000.0  1000000.0  1000000.0  
1000000.0  1000000.0  1000000.0  1000000.0  1000000.0  1000000.0  1000000.0  0.0  1000000.0  1000000.0  1000000.0  1000000.0  189993.16000042742  
1000000.0  1000000.0  1000000.0  1000000.0  189996.58000021367  1000000.0  1000000.0  1000000.0  0.0  1000000.0  1000000.0  1000000.0  1000000.0  
1000000.0  1000000.0  1000000.0  1000000.0  1000000.0  1000000.0  1000000.0  1000000.0  1000000.0  0.0  1000000.0  1000000.0  1000000.0  
1000000.0  1000000.0  1000000.0  1000000.0  1000000.0  1000000.0  1000000.0  1000000.0  1000000.0  1000000.0  0.0  1000000.0  1000000.0  
1000000.0  1000000.0  1000000.0  1000000.0  1000000.0  1000000.0  1000000.0  1000000.0  189998.29000010682  1000000.0  1000000.0  0.0  1000000.0  
1000000.0  1000000.0  1000000.0  1000000.0  1000000.0  1000000.0  189991.4500005343  1000000.0  1000000.0  1000000.0  1000000.0  1000000.0  0.0  

$$$$$$$$$$$$$$$$$$$$$$$$$$$$$$$$$$$$$$$$$$$$$$$$$$$$$$$$$$$$$$$$$$$$$$$$$$$$$$$$$$$$$$$$$$$$$$
Iitial IWDPos=2
0.08333333333333333   0.08333333333333333   0.0   0.08333333333333333   0.08333333333333333   0.08333333333333333   0.08333333333333333   0.08333333333333333   0.08333333333333333   0.08333333333333333   0.08333333333333333   0.08333333333333333   0.08333333333333333   
sumofProp=1.0
sorted 0.0  0.08333333333333333  0.08333333333333333  0.08333333333333333  0.08333333333333333  0.08333333333333333  0.08333333333333333  0.08333333333333333  0.08333333333333333  0.08333333333333333  0.08333333333333333  0.08333333333333333  0.08333333333333333  
rand=0.5102114023987441
0.0  0.08333333333333333  0.16666666666666666  0.25  0.3333333333333333  0.41666666666666663  0.49999999999999994  0.5833333333333333  
next feature =7
0.06551604275983128   0.06551604275983128   0.0   0.06551604275983128   0.06551604275983128   0.06551604275983128   0.06551604275983128   0.0   0.06551604275983128   0.06551604275983128   0.06551604275983128   0.06551604275983128   0.34483957240168717   
sumofProp=0.9999999999999998
sorted 0.0  0.0  0.06551604275983128  0.06551604275983128  0.06551604275983128  0.06551604275983128  0.06551604275983128  0.06551604275983128  0.06551604275983128  0.06551604275983128  0.06551604275983128  0.06551604275983128  0.34483957240168717  
rand=0.7451795252819905
0.0  0.0  0.06551604275983128  0.13103208551966256  0.19654812827949383  0.2620641710393251  0.32758021379915636  0.3930962565589876  0.45861229931881886  0.5241283420786501  0.5896443848384814  0.6551604275983126  0.9999999999999998  
next feature =12
0.07010909566756592   0.07010909566756592   0.0   0.07010909566756592   0.07010909566756592   0.07010909566756592   0.3690181389919068   0.0   0.07010909566756592   0.07010909566756592   0.07010909566756592   0.07010909566756592   0.0   
sumofProp=1.0000000000000002
sorted 0.0  0.0  0.0  0.07010909566756592  0.07010909566756592  0.07010909566756592  0.07010909566756592  0.07010909566756592  0.07010909566756592  0.07010909566756592  0.07010909566756592  0.07010909566756592  0.3690181389919068  
rand=0.4467829595429833
0.0  0.0  0.0  0.07010909566756592  0.14021819133513183  0.21032728700269776  0.28043638267026366  0.35054547833782956  0.42065457400539547  0.49076366967296137  
next feature =9
0.1111111111111111   0.1111111111111111   0.0   0.1111111111111111   0.1111111111111111   0.1111111111111111   0.1111111111111111   0.0   0.1111111111111111   0.0   0.1111111111111111   0.1111111111111111   0.0   
sumofProp=1.0000000000000002
sorted 0.0  0.0  0.0  0.0  0.1111111111111111  0.1111111111111111  0.1111111111111111  0.1111111111111111  0.1111111111111111  0.1111111111111111  0.1111111111111111  0.1111111111111111  0.1111111111111111  
rand=0.8288585656110024
0.0  0.0  0.0  0.0  0.1111111111111111  0.2222222222222222  0.3333333333333333  0.4444444444444444  0.5555555555555556  0.6666666666666667  0.7777777777777779  0.8888888888888891  
next feature =10
0.125   0.125   0.0   0.125   0.125   0.125   0.125   0.0   0.125   0.0   0.0   0.125   0.0   
sumofProp=1.0
sorted 0.0  0.0  0.0  0.0  0.0  0.125  0.125  0.125  0.125  0.125  0.125  0.125  0.125  
rand=0.7889697010769372
0.0  0.0  0.0  0.0  0.0  0.125  0.25  0.375  0.5  0.625  0.75  0.875  
next feature =8
0.08878359242066215   0.08878359242066215   0.0   0.08878359242066215   0.4672984454760271   0.08878359242066215   0.08878359242066215   0.0   0.0   0.0   0.0   0.08878359242066215   0.0   
sumofProp=1.0
sorted 0.0  0.0  0.0  0.0  0.0  0.0  0.08878359242066215  0.08878359242066215  0.08878359242066215  0.08878359242066215  0.08878359242066215  0.08878359242066215  0.4672984454760271  
rand=0.3954147999640929
0.0  0.0  0.0  0.0  0.0  0.0  0.08878359242066215  0.1775671848413243  0.26635077726198647  0.3551343696826486  0.44391796210331075  
next feature =6
0.09743234700322657   0.09743234700322657   0.0   0.5128382649838671   0.09743234700322657   0.09743234700322657   0.0   0.0   0.0   0.0   0.0   0.09743234700322657   0.0   
sumofProp=0.9999999999999999
sorted 0.0  0.0  0.0  0.0  0.0  0.0  0.0  0.09743234700322657  0.09743234700322657  0.09743234700322657  0.09743234700322657  0.09743234700322657  0.5128382649838671  
rand=0.5735814933824455
0.0  0.0  0.0  0.0  0.0  0.0  0.0  0.09743234700322657  0.19486469400645315  0.29229704100967974  0.3897293880129063  0.48716173501613286  1.0  
next feature =3
0.5682014599502078   0.10794963501244806   0.0   0.0   0.10794963501244806   0.10794963501244806   0.0   0.0   0.0   0.0   0.0   0.10794963501244806   0.0   
sumofProp=0.9999999999999999
sorted 0.0  0.0  0.0  0.0  0.0  0.0  0.0  0.0  0.10794963501244806  0.10794963501244806  0.10794963501244806  0.10794963501244806  0.5682014599502078  
rand=0.3444927269940805
0.0  0.0  0.0  0.0  0.0  0.0  0.0  0.0  0.10794963501244806  0.21589927002489612  0.3238489050373442  0.43179854004979223  
next feature =11
0.25   0.25   0.0   0.0   0.25   0.25   0.0   0.0   0.0   0.0   0.0   0.0   0.0   
sumofProp=1.0
sorted 0.0  0.0  0.0  0.0  0.0  0.0  0.0  0.0  0.0  0.25  0.25  0.25  0.25  
rand=0.8447510606525538
0.0  0.0  0.0  0.0  0.0  0.0  0.0  0.0  0.0  0.25  0.5  0.75  1.0  
next feature =5

#############################################################
Cross Validation Accuracy = 93.8202%
93.8202
**********************Path soil matrix for iwd**********************
0.0  189986.32000085496  1000000.0  1000000.0  1000000.0  1000000.0  1000000.0  1000000.0  1000000.0  1000000.0  1000000.0  1000000.0  1000000.0  
1000000.0  0.0  1000000.0  1000000.0  1000000.0  1000000.0  1000000.0  1000000.0  1000000.0  189984.6100009618  1000000.0  1000000.0  1000000.0  
1000000.0  1000000.0  0.0  1000000.0  1000000.0  1000000.0  1000000.0  99999.10000005622  1000000.0  1000000.0  1000000.0  1000000.0  1000000.0  
189988.03000074805  1000000.0  1000000.0  0.0  1000000.0  1000000.0  1000000.0  1000000.0  1000000.0  1000000.0  1000000.0  99992.80000044998  1000000.0  
1000000.0  1000000.0  1000000.0  1000000.0  0.0  1000000.0  1000000.0  189994.87000032054  1000000.0  1000000.0  1000000.0  1000000.0  1000000.0  
1000000.0  1000000.0  1000000.0  1000000.0  1000000.0  0.0  1000000.0  1000000.0  1000000.0  1000000.0  1000000.0  1000000.0  1000000.0  
1000000.0  1000000.0  1000000.0  18992.674000457864  1000000.0  1000000.0  0.0  1000000.0  1000000.0  1000000.0  1000000.0  1000000.0  1000000.0  
1000000.0  1000000.0  1000000.0  1000000.0  1000000.0  1000000.0  1000000.0  0.0  1000000.0  1000000.0  1000000.0  1000000.0  18997.51600015524  
1000000.0  1000000.0  1000000.0  1000000.0  189996.58000021367  1000000.0  99994.60000033746  1000000.0  0.0  1000000.0  1000000.0  1000000.0  1000000.0  
1000000.0  1000000.0  1000000.0  1000000.0  1000000.0  1000000.0  1000000.0  1000000.0  1000000.0  0.0  99996.40000022497  1000000.0  1000000.0  
1000000.0  1000000.0  1000000.0  1000000.0  1000000.0  1000000.0  1000000.0  1000000.0  99995.50000028122  1000000.0  0.0  1000000.0  1000000.0  
1000000.0  1000000.0  1000000.0  1000000.0  1000000.0  99991.90000050623  1000000.0  1000000.0  189998.29000010682  1000000.0  1000000.0  0.0  1000000.0  
1000000.0  1000000.0  1000000.0  1000000.0  1000000.0  1000000.0  189991.4500005343  1000000.0  1000000.0  99997.30000016872  1000000.0  1000000.0  0.0  
best Cva for genaration1 is =93.8202
best path for genaration1 is =2--->7--->12--->9--->10--->8--->6--->3--->11--->5--->
0.0  189986.32000085496  1000000.0  1000000.0  1000000.0  1000000.0  1000000.0  1000000.0  1000000.0  1000000.0  1000000.0  1000000.0  1000000.0  
1000000.0  0.0  1000000.0  1000000.0  1000000.0  1000000.0  1000000.0  1000000.0  1000000.0  189984.6100009618  1000000.0  1000000.0  1000000.0  
1000000.0  1000000.0  0.0  1000000.0  1000000.0  1000000.0  1000000.0  189998.29000010682  1000000.0  1000000.0  1000000.0  1000000.0  1000000.0  
189988.03000074805  1000000.0  1000000.0  0.0  1000000.0  1000000.0  1000000.0  1000000.0  1000000.0  1000000.0  1000000.0  189986.32000085496  1000000.0  
1000000.0  1000000.0  1000000.0  1000000.0  0.0  1000000.0  1000000.0  189994.87000032054  1000000.0  1000000.0  1000000.0  1000000.0  1000000.0  
1000000.0  1000000.0  1000000.0  1000000.0  1000000.0  0.0  1000000.0  1000000.0  1000000.0  1000000.0  1000000.0  1000000.0  1000000.0  
1000000.0  1000000.0  1000000.0  36086.080600869944  1000000.0  1000000.0  0.0  1000000.0  1000000.0  1000000.0  1000000.0  1000000.0  1000000.0  
1000000.0  1000000.0  1000000.0  1000000.0  1000000.0  1000000.0  1000000.0  0.0  1000000.0  1000000.0  1000000.0  1000000.0  36095.280400294956  
1000000.0  1000000.0  1000000.0  1000000.0  189996.58000021367  1000000.0  189989.74000064118  1000000.0  0.0  1000000.0  1000000.0  1000000.0  1000000.0  
1000000.0  1000000.0  1000000.0  1000000.0  1000000.0  1000000.0  1000000.0  1000000.0  1000000.0  0.0  189993.16000042742  1000000.0  1000000.0  
1000000.0  1000000.0  1000000.0  1000000.0  1000000.0  1000000.0  1000000.0  1000000.0  189991.4500005343  1000000.0  0.0  1000000.0  1000000.0  
1000000.0  1000000.0  1000000.0  1000000.0  1000000.0  189984.6100009618  1000000.0  1000000.0  189998.29000010682  1000000.0  1000000.0  0.0  1000000.0  
1000000.0  1000000.0  1000000.0  1000000.0  1000000.0  1000000.0  189991.4500005343  1000000.0  1000000.0  189994.87000032054  1000000.0  1000000.0  0.0  

$$$$$$$$$$$$$$$$$$$$$$$$$$$$$$$$$$$$$$$$$$$$$$$$$$$$$$$$$$$$$$$$$$$$$$$$$$$$$$$$$$$$$$$$$$$$$$
Iitial IWDPos=5
0.08333333333333333   0.08333333333333333   0.08333333333333333   0.08333333333333333   0.08333333333333333   0.0   0.08333333333333333   0.08333333333333333   0.08333333333333333   0.08333333333333333   0.08333333333333333   0.08333333333333333   0.08333333333333333   
sumofProp=1.0
sorted 0.0  0.08333333333333333  0.08333333333333333  0.08333333333333333  0.08333333333333333  0.08333333333333333  0.08333333333333333  0.08333333333333333  0.08333333333333333  0.08333333333333333  0.08333333333333333  0.08333333333333333  0.08333333333333333  
rand=0.8384209297798885
0.0  0.08333333333333333  0.16666666666666666  0.25  0.3333333333333333  0.41666666666666663  0.49999999999999994  0.5833333333333333  0.6666666666666666  0.75  0.8333333333333334  0.9166666666666667  
next feature =11
0.06551665278195827   0.06551665278195827   0.06551665278195827   0.06551665278195827   0.06551665278195827   0.0   0.06551665278195827   0.06551665278195827   0.34483347218041754   0.06551665278195827   0.06551665278195827   0.0   0.06551665278195827   
sumofProp=1.0000000000000002
sorted 0.0  0.0  0.06551665278195827  0.06551665278195827  0.06551665278195827  0.06551665278195827  0.06551665278195827  0.06551665278195827  0.06551665278195827  0.06551665278195827  0.06551665278195827  0.06551665278195827  0.34483347218041754  
rand=0.6284288941168283
0.0  0.0  0.06551665278195827  0.13103330556391654  0.1965499583458748  0.2620666111278331  0.32758326390979137  0.39309991669174965  0.45861656947370794  0.5241332222556662  0.5896498750376244  0.6551665278195827  
next feature =12
0.053975645615031084   0.053975645615031084   0.053975645615031084   0.053975645615031084   0.053975645615031084   0.0   0.28409997456235864   0.053975645615031084   0.053975645615031084   0.2840948605173928   0.053975645615031084   0.0   0.0   
sumofProp=1.0000000000000002
sorted 0.0  0.0  0.0  0.053975645615031084  0.053975645615031084  0.053975645615031084  0.053975645615031084  0.053975645615031084  0.053975645615031084  0.053975645615031084  0.053975645615031084  0.2840948605173928  0.28409997456235864  
rand=0.35002807523709156
0.0  0.0  0.0  0.053975645615031084  0.10795129123006217  0.16192693684509324  0.21590258246012434  0.26987822807515544  0.32385387369018653  0.37782951930521763  
next feature =8
0.05705523896606576   0.05705523896606576   0.05705523896606576   0.05705523896606576   0.3003012577907459   0.0   0.3003120694467938   0.05705523896606576   0.0   0.05705523896606576   0.05705523896606576   0.0   0.0   
sumofProp=1.0
sorted 0.0  0.0  0.0  0.0  0.05705523896606576  0.05705523896606576  0.05705523896606576  0.05705523896606576  0.05705523896606576  0.05705523896606576  0.05705523896606576  0.3003012577907459  0.3003120694467938  
rand=0.016940968186554772
0.0  0.0  0.0  0.0  0.05705523896606576  
next feature =0
0.0   0.42920636712511856   0.08154194755355448   0.08154194755355448   0.08154194755355448   0.0   0.08154194755355448   0.08154194755355448   0.0   0.08154194755355448   0.08154194755355448   0.0   0.0   
sumofProp=1.0
sorted 0.0  0.0  0.0  0.0  0.0  0.08154194755355448  0.08154194755355448  0.08154194755355448  0.08154194755355448  0.08154194755355448  0.08154194755355448  0.08154194755355448  0.42920636712511856  
rand=0.6446124666741733
0.0  0.0  0.0  0.0  0.0  0.08154194755355448  0.16308389510710897  0.24462584266066345  0.32616779021421793  0.4077097377677724  0.4892516853213269  0.5707936328748814  1.0  
next feature =1
0.0   0.0   0.08878097845963095   0.08878097845963095   0.08878097845963095   0.0   0.08878097845963095   0.08878097845963095   0.0   0.4673141292422143   0.08878097845963095   0.0   0.0   
sumofProp=1.0
sorted 0.0  0.0  0.0  0.0  0.0  0.0  0.08878097845963095  0.08878097845963095  0.08878097845963095  0.08878097845963095  0.08878097845963095  0.08878097845963095  0.4673141292422143  
rand=0.22618647275921566
0.0  0.0  0.0  0.0  0.0  0.0  0.08878097845963095  0.1775619569192619  0.26634293537889286  
next feature =4
0.0   0.0   0.09743369619662268   0.09743369619662268   0.0   0.0   0.09743369619662268   0.5128315190168866   0.0   0.09743369619662268   0.09743369619662268   0.0   0.0   
sumofProp=1.0
sorted 0.0  0.0  0.0  0.0  0.0  0.0  0.0  0.09743369619662268  0.09743369619662268  0.09743369619662268  0.09743369619662268  0.09743369619662268  0.5128315190168866  
rand=0.24941339449673305
0.0  0.0  0.0  0.0  0.0  0.0  0.0  0.09743369619662268  0.19486739239324535  0.29230108858986803  
next feature =6
0.0   0.0   0.031531341154716376   0.8738746353811346   0.0   0.0   0.0   0.031531341154716376   0.0   0.031531341154716376   0.031531341154716376   0.0   0.0   
sumofProp=1.0
sorted 0.0  0.0  0.0  0.0  0.0  0.0  0.0  0.0  0.031531341154716376  0.031531341154716376  0.031531341154716376  0.031531341154716376  0.8738746353811346  
rand=0.8915118748086944
0.0  0.0  0.0  0.0  0.0  0.0  0.0  0.0  0.031531341154716376  0.06306268230943275  0.09459402346414914  0.1261253646188655  1.0000000000000002  
next feature =3
0.0   0.0   0.25   0.0   0.0   0.0   0.0   0.25   0.0   0.25   0.25   0.0   0.0   
sumofProp=1.0
sorted 0.0  0.0  0.0  0.0  0.0  0.0  0.0  0.0  0.0  0.25  0.25  0.25  0.25  
rand=0.3095424645222442
0.0  0.0  0.0  0.0  0.0  0.0  0.0  0.0  0.0  0.25  0.5  
next feature =7

#############################################################
Cross Validation Accuracy = 94.382%
94.382
**********************Path soil matrix for iwd**********************
0.0  18994.13200036674  1000000.0  1000000.0  1000000.0  1000000.0  1000000.0  1000000.0  1000000.0  1000000.0  1000000.0  1000000.0  1000000.0  
1000000.0  0.0  1000000.0  1000000.0  99994.60000033746  1000000.0  1000000.0  1000000.0  1000000.0  189984.6100009618  1000000.0  1000000.0  1000000.0  
1000000.0  1000000.0  0.0  1000000.0  1000000.0  1000000.0  1000000.0  189998.29000010682  1000000.0  1000000.0  1000000.0  1000000.0  1000000.0  
189988.03000074805  1000000.0  1000000.0  0.0  1000000.0  1000000.0  1000000.0  99991.90000050623  1000000.0  1000000.0  1000000.0  189986.32000085496  1000000.0  
1000000.0  1000000.0  1000000.0  1000000.0  0.0  1000000.0  99993.70000039371  189994.87000032054  1000000.0  1000000.0  1000000.0  1000000.0  1000000.0  
1000000.0  1000000.0  1000000.0  1000000.0  1000000.0  0.0  1000000.0  1000000.0  1000000.0  1000000.0  1000000.0  99999.10000005622  1000000.0  
1000000.0  1000000.0  1000000.0  3601.4080605369936  1000000.0  1000000.0  0.0  1000000.0  1000000.0  1000000.0  1000000.0  1000000.0  1000000.0  
1000000.0  1000000.0  1000000.0  1000000.0  1000000.0  1000000.0  1000000.0  0.0  1000000.0  1000000.0  1000000.0  1000000.0  36095.280400294956  
99996.40000022497  1000000.0  1000000.0  1000000.0  189996.58000021367  1000000.0  189989.74000064118  1000000.0  0.0  1000000.0  1000000.0  1000000.0  1000000.0  
1000000.0  1000000.0  1000000.0  1000000.0  1000000.0  1000000.0  1000000.0  1000000.0  1000000.0  0.0  189993.16000042742  1000000.0  1000000.0  
1000000.0  1000000.0  1000000.0  1000000.0  1000000.0  1000000.0  1000000.0  1000000.0  189991.4500005343  1000000.0  0.0  1000000.0  1000000.0  
1000000.0  1000000.0  1000000.0  1000000.0  1000000.0  189984.6100009618  1000000.0  1000000.0  189998.29000010682  1000000.0  1000000.0  0.0  99998.20000011247  
1000000.0  1000000.0  1000000.0  1000000.0  1000000.0  1000000.0  189991.4500005343  1000000.0  99997.30000016872  189994.87000032054  1000000.0  1000000.0  0.0  
best Cva for genaration2 is =94.382
best path for genaration2 is =5--->11--->12--->8--->0--->1--->4--->6--->3--->7--->
0.0  36088.850800696804  1000000.0  1000000.0  1000000.0  1000000.0  1000000.0  1000000.0  1000000.0  1000000.0  1000000.0  1000000.0  1000000.0  
1000000.0  0.0  1000000.0  1000000.0  189989.74000064118  1000000.0  1000000.0  1000000.0  1000000.0  189984.6100009618  1000000.0  1000000.0  1000000.0  
1000000.0  1000000.0  0.0  1000000.0  1000000.0  1000000.0  1000000.0  189998.29000010682  1000000.0  1000000.0  1000000.0  1000000.0  1000000.0  
189988.03000074805  1000000.0  1000000.0  0.0  1000000.0  1000000.0  1000000.0  189984.6100009618  1000000.0  1000000.0  1000000.0  189986.32000085496  1000000.0  
1000000.0  1000000.0  1000000.0  1000000.0  0.0  1000000.0  189988.03000074805  189994.87000032054  1000000.0  1000000.0  1000000.0  1000000.0  1000000.0  
1000000.0  1000000.0  1000000.0  1000000.0  1000000.0  0.0  1000000.0  1000000.0  1000000.0  1000000.0  1000000.0  189998.29000010682  1000000.0  
1000000.0  1000000.0  1000000.0  6842.675315020288  1000000.0  1000000.0  0.0  1000000.0  1000000.0  1000000.0  1000000.0  1000000.0  1000000.0  
1000000.0  1000000.0  1000000.0  1000000.0  1000000.0  1000000.0  1000000.0  0.0  1000000.0  1000000.0  1000000.0  1000000.0  36095.280400294956  
189993.16000042742  1000000.0  1000000.0  1000000.0  189996.58000021367  1000000.0  189989.74000064118  1000000.0  0.0  1000000.0  1000000.0  1000000.0  1000000.0  
1000000.0  1000000.0  1000000.0  1000000.0  1000000.0  1000000.0  1000000.0  1000000.0  1000000.0  0.0  189993.16000042742  1000000.0  1000000.0  
1000000.0  1000000.0  1000000.0  1000000.0  1000000.0  1000000.0  1000000.0  1000000.0  189991.4500005343  1000000.0  0.0  1000000.0  1000000.0  
1000000.0  1000000.0  1000000.0  1000000.0  1000000.0  189984.6100009618  1000000.0  1000000.0  189998.29000010682  1000000.0  1000000.0  0.0  189996.58000021367  
1000000.0  1000000.0  1000000.0  1000000.0  1000000.0  1000000.0  189991.4500005343  1000000.0  189994.87000032054  189994.87000032054  1000000.0  1000000.0  0.0  

$$$$$$$$$$$$$$$$$$$$$$$$$$$$$$$$$$$$$$$$$$$$$$$$$$$$$$$$$$$$$$$$$$$$$$$$$$$$$$$$$$$$$$$$$$$$$$
Iitial IWDPos=0
0.0   0.7158529482473384   0.025831550159332913   0.025831550159332913   0.025831550159332913   0.025831550159332913   0.025831550159332913   0.025831550159332913   0.025831550159332913   0.025831550159332913   0.025831550159332913   0.025831550159332913   0.025831550159332913   
sumofProp=1.0000000000000004
sorted 0.0  0.025831550159332913  0.025831550159332913  0.025831550159332913  0.025831550159332913  0.025831550159332913  0.025831550159332913  0.025831550159332913  0.025831550159332913  0.025831550159332913  0.025831550159332913  0.025831550159332913  0.7158529482473384  
rand=0.5449702140673232
0.0  0.025831550159332913  0.051663100318665826  0.07749465047799874  0.10332620063733165  0.12915775079666456  0.15498930095599747  0.1808208511153304  0.2066524012746633  0.23248395143399622  0.2583155015933291  0.284147051752662  1.0000000000000004  
next feature =1
0.0   0.0   0.05121060356670671   0.05121060356670671   0.2695486446719464   0.05121060356670671   0.05121060356670671   0.05121060356670671   0.05121060356670671   0.2695559232276934   0.05121060356670671   0.05121060356670671   0.05121060356670671   
sumofProp=1.0000000000000002
sorted 0.0  0.0  0.05121060356670671  0.05121060356670671  0.05121060356670671  0.05121060356670671  0.05121060356670671  0.05121060356670671  0.05121060356670671  0.05121060356670671  0.05121060356670671  0.2695486446719464  0.2695559232276934  
rand=0.7777650858673772
0.0  0.0  0.05121060356670671  0.10242120713341342  0.15363181070012014  0.20484241426682684  0.25605301783353357  0.30726362140024027  0.358474224966947  0.4096848285336537  0.4608954321003604  0.7304440767723068  1.0000000000000002  
next feature =9
0.0   0.0   0.07010932852536196   0.07010932852536196   0.07010932852536196   0.07010932852536196   0.07010932852536196   0.07010932852536196   0.07010932852536196   0.0   0.3690160432717424   0.07010932852536196   0.07010932852536196   
sumofProp=1.0
sorted 0.0  0.0  0.0  0.07010932852536196  0.07010932852536196  0.07010932852536196  0.07010932852536196  0.07010932852536196  0.07010932852536196  0.07010932852536196  0.07010932852536196  0.07010932852536196  0.3690160432717424  
rand=0.5744685919488944
0.0  0.0  0.0  0.07010932852536196  0.14021865705072392  0.2103279855760859  0.28043731410144784  0.3505466426268098  0.42065597115217174  0.4907652996775337  0.5608746282028957  0.6309839567282577  
next feature =12
0.0   0.0   0.05705523897439387   0.05705523897439387   0.05705523897439387   0.05705523897439387   0.3003093665036332   0.05705523897439387   0.3003039606756097   0.0   0.05705523897439387   0.05705523897439387   0.0   
sumofProp=1.0
sorted 0.0  0.0  0.0  0.0  0.05705523897439387  0.05705523897439387  0.05705523897439387  0.05705523897439387  0.05705523897439387  0.05705523897439387  0.05705523897439387  0.3003039606756097  0.3003093665036332  
rand=0.7078596574024442
0.0  0.0  0.0  0.0  0.05705523897439387  0.11411047794878774  0.1711657169231816  0.2282209558975755  0.28527619487196937  0.3423314338463632  0.39938667282075707  0.6996906334963668  1.0  
next feature =6
0.0   0.0   0.0065262834843448575   0.9543160156095856   0.0065262834843448575   0.0065262834843448575   0.0   0.0065262834843448575   0.0065262834843448575   0.0   0.0065262834843448575   0.0065262834843448575   0.0   
sumofProp=0.9999999999999992
sorted 0.0  0.0  0.0  0.0  0.0  0.0065262834843448575  0.0065262834843448575  0.0065262834843448575  0.0065262834843448575  0.0065262834843448575  0.0065262834843448575  0.0065262834843448575  0.9543160156095856  
rand=0.7754623406119177
0.0  0.0  0.0  0.0  0.0  0.0065262834843448575  0.013052566968689715  0.019578850453034573  0.02610513393737943  0.03263141742172429  0.03915770090606915  0.045683984390414004  0.9999999999999996  
next feature =3
0.0   0.0   0.06440269448799442   0.0   0.06440269448799442   0.06440269448799442   0.0   0.3389947893984337   0.06440269448799442   0.0   0.06440269448799442   0.33899173816159417   0.0   
sumofProp=1.0
sorted 0.0  0.0  0.0  0.0  0.0  0.0  0.06440269448799442  0.06440269448799442  0.06440269448799442  0.06440269448799442  0.06440269448799442  0.33899173816159417  0.3389947893984337  
rand=0.44292748400918114
0.0  0.0  0.0  0.0  0.0  0.0  0.06440269448799442  0.12880538897598884  0.19320808346398327  0.2576107779519777  0.3220134724399721  0.6610052106015663  
next feature =11
0.0   0.0   0.06883748411733456   0.0   0.06883748411733456   0.36233807632728676   0.0   0.06883748411733456   0.36231198720337493   0.0   0.06883748411733456   0.0   0.0   
sumofProp=1.0
sorted 0.0  0.0  0.0  0.0  0.0  0.0  0.0  0.06883748411733456  0.06883748411733456  0.06883748411733456  0.06883748411733456  0.36231198720337493  0.36233807632728676  
rand=0.739221001646566
0.0  0.0  0.0  0.0  0.0  0.0  0.0  0.06883748411733456  0.13767496823466913  0.2065124523520037  0.27534993646933825  0.6376619236727132  1.0  
next feature =5
0.0   0.0   0.2   0.0   0.2   0.0   0.0   0.2   0.2   0.0   0.2   0.0   0.0   
sumofProp=1.0
sorted 0.0  0.0  0.0  0.0  0.0  0.0  0.0  0.0  0.2  0.2  0.2  0.2  0.2  
rand=0.7203129700967744
0.0  0.0  0.0  0.0  0.0  0.0  0.0  0.0  0.2  0.4  0.6000000000000001  0.8  
next feature =8
0.0   0.0   0.1210164063001629   0.0   0.6369507810995113   0.0   0.0   0.1210164063001629   0.0   0.0   0.1210164063001629   0.0   0.0   
sumofProp=0.9999999999999999
sorted 0.0  0.0  0.0  0.0  0.0  0.0  0.0  0.0  0.0  0.1210164063001629  0.1210164063001629  0.1210164063001629  0.6369507810995113  
rand=0.17314392679662993
0.0  0.0  0.0  0.0  0.0  0.0  0.0  0.0  0.0  0.1210164063001629  0.2420328126003258  
next feature =7

#############################################################
Cross Validation Accuracy = 93.8202%
93.8202
**********************Path soil matrix for iwd**********************
0.0  3607.9850801259295  1000000.0  1000000.0  1000000.0  1000000.0  1000000.0  1000000.0  1000000.0  1000000.0  1000000.0  1000000.0  1000000.0  
1000000.0  0.0  1000000.0  1000000.0  189989.74000064118  1000000.0  1000000.0  1000000.0  1000000.0  18996.661000208678  1000000.0  1000000.0  1000000.0  
1000000.0  1000000.0  0.0  1000000.0  1000000.0  1000000.0  1000000.0  189998.29000010682  1000000.0  1000000.0  1000000.0  1000000.0  1000000.0  
189988.03000074805  1000000.0  1000000.0  0.0  1000000.0  1000000.0  1000000.0  189984.6100009618  1000000.0  1000000.0  1000000.0  18993.23200042299  1000000.0  
1000000.0  1000000.0  1000000.0  1000000.0  0.0  1000000.0  189988.03000074805  189994.87000032054  1000000.0  1000000.0  1000000.0  1000000.0  1000000.0  
1000000.0  1000000.0  1000000.0  1000000.0  1000000.0  0.0  1000000.0  1000000.0  99992.80000044998  1000000.0  1000000.0  189998.29000010682  1000000.0  
1000000.0  1000000.0  1000000.0  679.7675317832786  1000000.0  1000000.0  0.0  1000000.0  1000000.0  1000000.0  1000000.0  1000000.0  1000000.0  
1000000.0  1000000.0  1000000.0  1000000.0  1000000.0  1000000.0  1000000.0  0.0  1000000.0  1000000.0  1000000.0  1000000.0  36095.280400294956  
189993.16000042742  1000000.0  1000000.0  1000000.0  189996.58000021367  1000000.0  189989.74000064118  99991.90000050623  0.0  1000000.0  1000000.0  1000000.0  1000000.0  
1000000.0  1000000.0  1000000.0  1000000.0  1000000.0  1000000.0  1000000.0  1000000.0  1000000.0  0.0  189993.16000042742  1000000.0  99997.30000016872  
1000000.0  1000000.0  1000000.0  1000000.0  1000000.0  1000000.0  1000000.0  1000000.0  189991.4500005343  1000000.0  0.0  1000000.0  1000000.0  
1000000.0  1000000.0  1000000.0  1000000.0  1000000.0  18992.161000489927  1000000.0  1000000.0  189998.29000010682  1000000.0  1000000.0  0.0  189996.58000021367  
1000000.0  1000000.0  1000000.0  1000000.0  1000000.0  1000000.0  18995.545000278424  1000000.0  189994.87000032054  189994.87000032054  1000000.0  1000000.0  0.0  
best Cva for genaration3 is =93.8202
best path for genaration3 is =0--->1--->9--->12--->6--->3--->11--->5--->8--->7--->
0.0  6855.171652239265  1000000.0  1000000.0  1000000.0  1000000.0  1000000.0  1000000.0  1000000.0  1000000.0  1000000.0  1000000.0  1000000.0  
1000000.0  0.0  1000000.0  1000000.0  189989.74000064118  1000000.0  1000000.0  1000000.0  1000000.0  36093.65590039649  1000000.0  1000000.0  1000000.0  
1000000.0  1000000.0  0.0  1000000.0  1000000.0  1000000.0  1000000.0  189998.29000010682  1000000.0  1000000.0  1000000.0  1000000.0  1000000.0  
189988.03000074805  1000000.0  1000000.0  0.0  1000000.0  1000000.0  1000000.0  189984.6100009618  1000000.0  1000000.0  1000000.0  36087.14080080368  1000000.0  
1000000.0  1000000.0  1000000.0  1000000.0  0.0  1000000.0  189988.03000074805  189994.87000032054  1000000.0  1000000.0  1000000.0  1000000.0  1000000.0  
1000000.0  1000000.0  1000000.0  1000000.0  1000000.0  0.0  1000000.0  1000000.0  189986.32000085496  1000000.0  1000000.0  189998.29000010682  1000000.0  
1000000.0  1000000.0  1000000.0  1291.5583103882293  1000000.0  1000000.0  0.0  1000000.0  1000000.0  1000000.0  1000000.0  1000000.0  1000000.0  
1000000.0  1000000.0  1000000.0  1000000.0  1000000.0  1000000.0  1000000.0  0.0  1000000.0  1000000.0  1000000.0  1000000.0  36095.280400294956  
189993.16000042742  1000000.0  1000000.0  1000000.0  189996.58000021367  1000000.0  189989.74000064118  189984.6100009618  0.0  1000000.0  1000000.0  1000000.0  1000000.0  
1000000.0  1000000.0  1000000.0  1000000.0  1000000.0  1000000.0  1000000.0  1000000.0  1000000.0  0.0  189993.16000042742  1000000.0  189994.87000032054  
1000000.0  1000000.0  1000000.0  1000000.0  1000000.0  1000000.0  1000000.0  1000000.0  189991.4500005343  1000000.0  0.0  1000000.0  1000000.0  
1000000.0  1000000.0  1000000.0  1000000.0  1000000.0  36085.10590093086  1000000.0  1000000.0  189998.29000010682  1000000.0  1000000.0  0.0  189996.58000021367  
1000000.0  1000000.0  1000000.0  1000000.0  1000000.0  1000000.0  36091.535500529004  1000000.0  189994.87000032054  189994.87000032054  1000000.0  1000000.0  0.0  

$$$$$$$$$$$$$$$$$$$$$$$$$$$$$$$$$$$$$$$$$$$$$$$$$$$$$$$$$$$$$$$$$$$$$$$$$$$$$$$$$$$$$$$$$$$$$$
Iitial IWDPos=1
0.0232708633025679   0.0   0.0232708633025679   0.0232708633025679   0.12248693096113605   0.0232708633025679   0.0232708633025679   0.0232708633025679   0.0232708633025679   0.644804436013185   0.0232708633025679   0.0232708633025679   0.0232708633025679   
sumofProp=1.0000000000000002
sorted 0.0  0.0232708633025679  0.0232708633025679  0.0232708633025679  0.0232708633025679  0.0232708633025679  0.0232708633025679  0.0232708633025679  0.0232708633025679  0.0232708633025679  0.0232708633025679  0.12248693096113605  0.644804436013185  
rand=0.3737520583478988
0.0  0.0232708633025679  0.0465417266051358  0.0698125899077037  0.0930834532102716  0.1163543165128395  0.1396251798154074  0.1628960431179753  0.18616690642054318  0.20943776972311107  0.23270863302567896  0.355195563986815  1.0  
next feature =9
0.05121159752597435   0.0   0.05121159752597435   0.05121159752597435   0.05121159752597435   0.05121159752597435   0.05121159752597435   0.05121159752597435   0.05121159752597435   0.0   0.2695490241619376   0.05121159752597435   0.26954659810429327   
sumofProp=1.0
sorted 0.0  0.0  0.05121159752597435  0.05121159752597435  0.05121159752597435  0.05121159752597435  0.05121159752597435  0.05121159752597435  0.05121159752597435  0.05121159752597435  0.05121159752597435  0.26954659810429327  0.2695490241619376  
rand=0.912243426694102
0.0  0.0  0.05121159752597435  0.1024231950519487  0.15363479257792306  0.2048463901038974  0.25605798762987175  0.3072695851558461  0.3584811826818205  0.40969278020779487  0.46090437773376924  0.7304509758380625  1.0  
next feature =10
0.07010909566756592   0.0   0.07010909566756592   0.07010909566756592   0.07010909566756592   0.07010909566756592   0.07010909566756592   0.07010909566756592   0.3690181389919068   0.0   0.0   0.07010909566756592   0.07010909566756592   
sumofProp=1.0
sorted 0.0  0.0  0.0  0.07010909566756592  0.07010909566756592  0.07010909566756592  0.07010909566756592  0.07010909566756592  0.07010909566756592  0.07010909566756592  0.07010909566756592  0.07010909566756592  0.3690181389919068  
rand=0.03292425252348319
0.0  0.0  0.0  0.07010909566756592  
next feature =0
0.0   0.0   0.1111111111111111   0.1111111111111111   0.1111111111111111   0.1111111111111111   0.1111111111111111   0.1111111111111111   0.1111111111111111   0.0   0.0   0.1111111111111111   0.1111111111111111   
sumofProp=1.0000000000000002
sorted 0.0  0.0  0.0  0.0  0.1111111111111111  0.1111111111111111  0.1111111111111111  0.1111111111111111  0.1111111111111111  0.1111111111111111  0.1111111111111111  0.1111111111111111  0.1111111111111111  
rand=0.10726695538894315
0.0  0.0  0.0  0.0  0.1111111111111111  
next feature =2
0.0   0.0   0.0   0.08154415257366096   0.08154415257366096   0.08154415257366096   0.08154415257366096   0.42919093198437314   0.08154415257366096   0.0   0.0   0.08154415257366096   0.08154415257366096   
sumofProp=0.9999999999999999
sorted 0.0  0.0  0.0  0.0  0.0  0.08154415257366096  0.08154415257366096  0.08154415257366096  0.08154415257366096  0.08154415257366096  0.08154415257366096  0.08154415257366096  0.42919093198437314  
rand=0.9011768830289456
0.0  0.0  0.0  0.0  0.0  0.08154415257366096  0.16308830514732192  0.24463245772098288  0.32617661029464384  0.40772076286830483  0.4892649154419658  0.5708090680156268  1.0  
next feature =7
0.0   0.0   0.0   0.029667064917461235   0.029667064917461235   0.029667064917461235   0.029667064917461235   0.0   0.029667064917461235   0.0   0.0   0.029667064917461235   0.8219976104952327   
sumofProp=1.0
sorted 0.0  0.0  0.0  0.0  0.0  0.0  0.029667064917461235  0.029667064917461235  0.029667064917461235  0.029667064917461235  0.029667064917461235  0.029667064917461235  0.8219976104952327  
rand=0.057002526052390756
0.0  0.0  0.0  0.0  0.0  0.0  0.029667064917461235  0.05933412983492247  
next feature =4
0.0   0.0   0.0   0.09743189726420662   0.0   0.09743189726420662   0.5128405136789669   0.0   0.09743189726420662   0.0   0.0   0.09743189726420662   0.09743189726420662   
sumofProp=1.0
sorted 0.0  0.0  0.0  0.0  0.0  0.0  0.0  0.09743189726420662  0.09743189726420662  0.09743189726420662  0.09743189726420662  0.09743189726420662  0.5128405136789669  
rand=0.012987238482286223
0.0  0.0  0.0  0.0  0.0  0.0  0.0  0.09743189726420662  
next feature =3
0.0   0.0   0.0   0.0   0.0   0.031532150783926294   0.031532150783926294   0.0   0.031532150783926294   0.0   0.0   0.8738713968642948   0.031532150783926294   
sumofProp=1.0
sorted 0.0  0.0  0.0  0.0  0.0  0.0  0.0  0.0  0.031532150783926294  0.031532150783926294  0.031532150783926294  0.031532150783926294  0.8738713968642948  
rand=0.4790672390742532
0.0  0.0  0.0  0.0  0.0  0.0  0.0  0.0  0.031532150783926294  0.06306430156785259  0.09459645235177888  0.12612860313570518  1.0  
next feature =11
0.0   0.0   0.0   0.0   0.0   0.7062668170602565   0.025482989753006433   0.0   0.13412449300961615   0.0   0.0   0.0   0.1341257001771209   
sumofProp=1.0
sorted 0.0  0.0  0.0  0.0  0.0  0.0  0.0  0.0  0.0  0.025482989753006433  0.13412449300961615  0.1341257001771209  0.7062668170602565  
rand=0.7308245518137866
0.0  0.0  0.0  0.0  0.0  0.0  0.0  0.0  0.0  0.025482989753006433  0.1596074827626226  0.2937331829397435  1.0  
next feature =5

#############################################################
Cross Validation Accuracy = 95.5056%
95.5056
**********************Path soil matrix for iwd**********************
0.0  6855.171652239265  99996.40000022497  1000000.0  1000000.0  1000000.0  1000000.0  1000000.0  1000000.0  1000000.0  1000000.0  1000000.0  1000000.0  
1000000.0  0.0  1000000.0  1000000.0  189989.74000064118  1000000.0  1000000.0  1000000.0  1000000.0  3608.465590095898  1000000.0  1000000.0  1000000.0  
1000000.0  1000000.0  0.0  1000000.0  1000000.0  1000000.0  1000000.0  18995.329000291928  1000000.0  1000000.0  1000000.0  1000000.0  1000000.0  
189988.03000074805  1000000.0  1000000.0  0.0  1000000.0  1000000.0  1000000.0  189984.6100009618  1000000.0  1000000.0  1000000.0  3601.514080530367  1000000.0  
1000000.0  1000000.0  1000000.0  99993.70000039371  0.0  1000000.0  189988.03000074805  189994.87000032054  1000000.0  1000000.0  1000000.0  1000000.0  1000000.0  
1000000.0  1000000.0  1000000.0  1000000.0  1000000.0  0.0  1000000.0  1000000.0  189986.32000085496  1000000.0  1000000.0  189998.29000010682  1000000.0  
1000000.0  1000000.0  1000000.0  1291.5583103882293  1000000.0  1000000.0  0.0  1000000.0  1000000.0  1000000.0  1000000.0  1000000.0  1000000.0  
1000000.0  1000000.0  1000000.0  1000000.0  99994.60000033746  1000000.0  1000000.0  0.0  1000000.0  1000000.0  1000000.0  1000000.0  36095.280400294956  
189993.16000042742  1000000.0  1000000.0  1000000.0  189996.58000021367  1000000.0  189989.74000064118  189984.6100009618  0.0  1000000.0  1000000.0  1000000.0  1000000.0  
1000000.0  1000000.0  1000000.0  1000000.0  1000000.0  1000000.0  1000000.0  1000000.0  1000000.0  0.0  18997.51600015524  1000000.0  189994.87000032054  
99997.30000016872  1000000.0  1000000.0  1000000.0  1000000.0  1000000.0  1000000.0  1000000.0  189991.4500005343  1000000.0  0.0  1000000.0  1000000.0  
1000000.0  1000000.0  1000000.0  1000000.0  1000000.0  3600.410590599335  1000000.0  1000000.0  189998.29000010682  1000000.0  1000000.0  0.0  189996.58000021367  
1000000.0  1000000.0  1000000.0  1000000.0  1000000.0  1000000.0  36091.535500529004  1000000.0  189994.87000032054  189994.87000032054  1000000.0  1000000.0  0.0  
best Cva for genaration4 is =95.5056
best path for genaration4 is =1--->9--->10--->0--->2--->7--->4--->3--->11--->5--->
0.0  6855.171652239265  189993.16000042742  1000000.0  1000000.0  1000000.0  1000000.0  1000000.0  1000000.0  1000000.0  1000000.0  1000000.0  1000000.0  
1000000.0  0.0  1000000.0  1000000.0  189989.74000064118  1000000.0  1000000.0  1000000.0  1000000.0  6856.084621182205  1000000.0  1000000.0  1000000.0  
1000000.0  1000000.0  0.0  1000000.0  1000000.0  1000000.0  1000000.0  36091.12510055466  1000000.0  1000000.0  1000000.0  1000000.0  1000000.0  
189988.03000074805  1000000.0  1000000.0  0.0  1000000.0  1000000.0  1000000.0  189984.6100009618  1000000.0  1000000.0  1000000.0  6842.8767530076975  1000000.0  
1000000.0  1000000.0  1000000.0  189988.03000074805  0.0  1000000.0  189988.03000074805  189994.87000032054  1000000.0  1000000.0  1000000.0  1000000.0  1000000.0  
1000000.0  1000000.0  1000000.0  1000000.0  1000000.0  0.0  1000000.0  1000000.0  189986.32000085496  1000000.0  1000000.0  189998.29000010682  1000000.0  
1000000.0  1000000.0  1000000.0  1291.5583103882293  1000000.0  1000000.0  0.0  1000000.0  1000000.0  1000000.0  1000000.0  1000000.0  1000000.0  
1000000.0  1000000.0  1000000.0  1000000.0  189989.74000064118  1000000.0  1000000.0  0.0  1000000.0  1000000.0  1000000.0  1000000.0  36095.280400294956  
189993.16000042742  1000000.0  1000000.0  1000000.0  189996.58000021367  1000000.0  189989.74000064118  189984.6100009618  0.0  1000000.0  1000000.0  1000000.0  1000000.0  
1000000.0  1000000.0  1000000.0  1000000.0  1000000.0  1000000.0  1000000.0  1000000.0  1000000.0  0.0  36095.280400294956  1000000.0  189994.87000032054  
189994.87000032054  1000000.0  1000000.0  1000000.0  1000000.0  1000000.0  1000000.0  1000000.0  189991.4500005343  1000000.0  0.0  1000000.0  1000000.0  
1000000.0  1000000.0  1000000.0  1000000.0  1000000.0  6840.780122138736  1000000.0  1000000.0  189998.29000010682  1000000.0  1000000.0  0.0  189996.58000021367  
1000000.0  1000000.0  1000000.0  1000000.0  1000000.0  1000000.0  36091.535500529004  1000000.0  189994.87000032054  189994.87000032054  1000000.0  1000000.0  0.0  

$$$$$$$$$$$$$$$$$$$$$$$$$$$$$$$$$$$$$$$$$$$$$$$$$$$$$$$$$$$$$$$$$$$$$$$$$$$$$$$$$$$$$$$$$$$$$$
Iitial IWDPos=5
0.048716510777387825   0.048716510777387825   0.048716510777387825   0.048716510777387825   0.048716510777387825   0.0   0.048716510777387825   0.048716510777387825   0.256425523759309   0.048716510777387825   0.048716510777387825   0.25640936846681284   0.048716510777387825   
sumofProp=1.0
sorted 0.0  0.048716510777387825  0.048716510777387825  0.048716510777387825  0.048716510777387825  0.048716510777387825  0.048716510777387825  0.048716510777387825  0.048716510777387825  0.048716510777387825  0.048716510777387825  0.25640936846681284  0.256425523759309  
rand=0.6838611476151265
0.0  0.048716510777387825  0.09743302155477565  0.1461495323321635  0.1948660431095513  0.2435825538869391  0.2922990646643269  0.34101557544171474  0.38973208621910255  0.43844859699649036  0.48716510777387817  0.7435744762406911  
next feature =11
0.051212094491001815   0.051212094491001815   0.051212094491001815   0.051212094491001815   0.051212094491001815   0.0   0.051212094491001815   0.051212094491001815   0.26954436179356883   0.051212094491001815   0.051212094491001815   0.0   0.26954678778741487   
sumofProp=1.0000000000000002
sorted 0.0  0.0  0.051212094491001815  0.051212094491001815  0.051212094491001815  0.051212094491001815  0.051212094491001815  0.051212094491001815  0.051212094491001815  0.051212094491001815  0.051212094491001815  0.26954436179356883  0.26954678778741487  
rand=0.47323058428429643
0.0  0.0  0.051212094491001815  0.10242418898200363  0.15363628347300545  0.20484837796400726  0.25606047245500907  0.3072725669460109  0.35848466143701274  0.4096967559280146  0.4609088504190164  0.7304532122125853  
next feature =8
0.19455311492396238   0.03696313073248181   0.03696313073248181   0.03696313073248181   0.1945496128313467   0.0   0.1945566171426628   0.1945618707071374   0.0   0.03696313073248181   0.03696313073248181   0.0   0.03696313073248181   
sumofProp=1.0
sorted 0.0  0.0  0.0  0.03696313073248181  0.03696313073248181  0.03696313073248181  0.03696313073248181  0.03696313073248181  0.03696313073248181  0.1945496128313467  0.19455311492396238  0.1945566171426628  0.1945618707071374  
rand=0.9411166882967821
0.0  0.0  0.0  0.03696313073248181  0.07392626146496362  0.11088939219744542  0.14785252292992723  0.18481565366240904  0.22177878439489085  0.41632839722623755  0.6108815121501999  0.8054381292928627  1.0000000000000002  
next feature =7
0.02501817285174306   0.02501817285174306   0.02501817285174306   0.02501817285174306   0.131683950484427   0.0   0.02501817285174306   0.0   0.0   0.02501817285174306   0.02501817285174306   0.0   0.6931888395533716   
sumofProp=1.0
sorted 0.0  0.0  0.0  0.0  0.02501817285174306  0.02501817285174306  0.02501817285174306  0.02501817285174306  0.02501817285174306  0.02501817285174306  0.02501817285174306  0.131683950484427  0.6931888395533716  
rand=0.6666120767468237
0.0  0.0  0.0  0.0  0.02501817285174306  0.05003634570348612  0.07505451855522918  0.10007269140697224  0.1250908642587153  0.15010903711045837  0.17512720996220144  0.30681116044662843  1.0  
next feature =12
0.025658343241156834   0.025658343241156834   0.025658343241156834   0.025658343241156834   0.025658343241156834   0.0   0.7110000794324745   0.0   0.0   0.1350498611205846   0.025658343241156834   0.0   0.0   
sumofProp=1.0
sorted 0.0  0.0  0.0  0.0  0.0  0.025658343241156834  0.025658343241156834  0.025658343241156834  0.025658343241156834  0.025658343241156834  0.025658343241156834  0.1350498611205846  0.7110000794324745  
rand=0.039188430551479136
0.0  0.0  0.0  0.0  0.0  0.025658343241156834  0.05131668648231367  
next feature =1
0.006401887330272603   0.0   0.006401887330272603   0.006401887330272603   0.03369653808062817   0.0   0.006401887330272603   0.0   0.0   0.9342940252680088   0.006401887330272603   0.0   0.0   
sumofProp=0.9999999999999999
sorted 0.0  0.0  0.0  0.0  0.0  0.0  0.006401887330272603  0.006401887330272603  0.006401887330272603  0.006401887330272603  0.006401887330272603  0.03369653808062817  0.9342940252680088  
rand=0.6671038790538393
0.0  0.0  0.0  0.0  0.0  0.0  0.006401887330272603  0.012803774660545206  0.01920566199081781  0.02560754932109041  0.032009436651363014  0.06570597473199119  1.0  
next feature =9
0.030574108993773035   0.0   0.030574108993773035   0.030574108993773035   0.030574108993773035   0.0   0.030574108993773035   0.0   0.0   0.0   0.8471294550311349   0.0   0.0   
sumofProp=1.0
sorted 0.0  0.0  0.0  0.0  0.0  0.0  0.0  0.030574108993773035  0.030574108993773035  0.030574108993773035  0.030574108993773035  0.030574108993773035  0.8471294550311349  
rand=0.8492552336372939
0.0  0.0  0.0  0.0  0.0  0.0  0.0  0.030574108993773035  0.06114821798754607  0.0917223269813191  0.12229643597509214  0.15287054496886518  1.0  
next feature =10
0.5681926267974282   0.0   0.10795184330064293   0.10795184330064293   0.10795184330064293   0.0   0.10795184330064293   0.0   0.0   0.0   0.0   0.0   0.0   
sumofProp=0.9999999999999998
sorted 0.0  0.0  0.0  0.0  0.0  0.0  0.0  0.0  0.10795184330064293  0.10795184330064293  0.10795184330064293  0.10795184330064293  0.5681926267974282  
rand=0.48081598133782344
0.0  0.0  0.0  0.0  0.0  0.0  0.0  0.0  0.10795184330064293  0.21590368660128587  0.3238555299019288  0.43180737320257173  1.0  
next feature =0
0.0   0.0   0.6369549436897174   0.12101501877009424   0.12101501877009424   0.0   0.12101501877009424   0.0   0.0   0.0   0.0   0.0   0.0   
sumofProp=1.0
sorted 0.0  0.0  0.0  0.0  0.0  0.0  0.0  0.0  0.0  0.12101501877009424  0.12101501877009424  0.12101501877009424  0.6369549436897174  
rand=0.6398250138554596
0.0  0.0  0.0  0.0  0.0  0.0  0.0  0.0  0.0  0.12101501877009424  0.24203003754018848  0.3630450563102827  1.0  
next feature =2

#############################################################
Cross Validation Accuracy = 95.5056%
95.5056
**********************Path soil matrix for iwd**********************
0.0  6855.171652239265  18991.21600054899  1000000.0  1000000.0  1000000.0  1000000.0  1000000.0  1000000.0  1000000.0  1000000.0  1000000.0  1000000.0  
1000000.0  0.0  1000000.0  1000000.0  189989.74000064118  1000000.0  1000000.0  1000000.0  1000000.0  680.2084624557203  1000000.0  1000000.0  1000000.0  
1000000.0  1000000.0  0.0  1000000.0  1000000.0  1000000.0  1000000.0  36091.12510055466  1000000.0  1000000.0  1000000.0  1000000.0  1000000.0  
189988.03000074805  1000000.0  1000000.0  0.0  1000000.0  1000000.0  1000000.0  189984.6100009618  1000000.0  1000000.0  1000000.0  6842.8767530076975  1000000.0  
1000000.0  1000000.0  1000000.0  189988.03000074805  0.0  1000000.0  189988.03000074805  189994.87000032054  1000000.0  1000000.0  1000000.0  1000000.0  1000000.0  
1000000.0  1000000.0  1000000.0  1000000.0  1000000.0  0.0  1000000.0  1000000.0  189986.32000085496  1000000.0  1000000.0  18998.929000066928  1000000.0  
1000000.0  1000000.0  1000000.0  1291.5583103882293  1000000.0  1000000.0  0.0  1000000.0  1000000.0  1000000.0  1000000.0  1000000.0  1000000.0  
1000000.0  1000000.0  1000000.0  1000000.0  189989.74000064118  1000000.0  1000000.0  0.0  1000000.0  1000000.0  1000000.0  1000000.0  3605.9280402544946  
189993.16000042742  1000000.0  1000000.0  1000000.0  189996.58000021367  1000000.0  189989.74000064118  18995.761000264927  0.0  1000000.0  1000000.0  1000000.0  1000000.0  
1000000.0  1000000.0  1000000.0  1000000.0  1000000.0  1000000.0  1000000.0  1000000.0  1000000.0  0.0  3603.2280404232447  1000000.0  189994.87000032054  
18992.28700048205  1000000.0  1000000.0  1000000.0  1000000.0  1000000.0  1000000.0  1000000.0  189991.4500005343  1000000.0  0.0  1000000.0  1000000.0  
1000000.0  1000000.0  1000000.0  1000000.0  1000000.0  6840.780122138736  1000000.0  1000000.0  18998.02900012318  1000000.0  1000000.0  0.0  189996.58000021367  
1000000.0  99995.50000028122  1000000.0  1000000.0  1000000.0  1000000.0  36091.535500529004  1000000.0  189994.87000032054  189994.87000032054  1000000.0  1000000.0  0.0  
best Cva for genaration5 is =95.5056
best path for genaration5 is =5--->11--->8--->7--->12--->1--->9--->10--->0--->2--->
0.0  6855.171652239265  36083.310401043076  1000000.0  1000000.0  1000000.0  1000000.0  1000000.0  1000000.0  1000000.0  1000000.0  1000000.0  1000000.0  
1000000.0  0.0  1000000.0  1000000.0  189989.74000064118  1000000.0  1000000.0  1000000.0  1000000.0  1292.3960786658686  1000000.0  1000000.0  1000000.0  
1000000.0  1000000.0  0.0  1000000.0  1000000.0  1000000.0  1000000.0  36091.12510055466  1000000.0  1000000.0  1000000.0  1000000.0  1000000.0  
189988.03000074805  1000000.0  1000000.0  0.0  1000000.0  1000000.0  1000000.0  189984.6100009618  1000000.0  1000000.0  1000000.0  6842.8767530076975  1000000.0  
1000000.0  1000000.0  1000000.0  189988.03000074805  0.0  1000000.0  189988.03000074805  189994.87000032054  1000000.0  1000000.0  1000000.0  1000000.0  1000000.0  
1000000.0  1000000.0  1000000.0  1000000.0  1000000.0  0.0  1000000.0  1000000.0  189986.32000085496  1000000.0  1000000.0  36097.96510012716  1000000.0  
1000000.0  1000000.0  1000000.0  1291.5583103882293  1000000.0  1000000.0  0.0  1000000.0  1000000.0  1000000.0  1000000.0  1000000.0  1000000.0  
1000000.0  1000000.0  1000000.0  1000000.0  189989.74000064118  1000000.0  1000000.0  0.0  1000000.0  1000000.0  1000000.0  1000000.0  6851.26327648354  
189993.16000042742  1000000.0  1000000.0  1000000.0  189996.58000021367  1000000.0  189989.74000064118  36091.94590050336  0.0  1000000.0  1000000.0  1000000.0  1000000.0  
1000000.0  1000000.0  1000000.0  1000000.0  1000000.0  1000000.0  1000000.0  1000000.0  1000000.0  0.0  6846.133276804165  1000000.0  189994.87000032054  
36085.34530091589  1000000.0  1000000.0  1000000.0  1000000.0  1000000.0  1000000.0  1000000.0  189991.4500005343  1000000.0  0.0  1000000.0  1000000.0  
1000000.0  1000000.0  1000000.0  1000000.0  1000000.0  6840.780122138736  1000000.0  1000000.0  36096.25510023404  1000000.0  1000000.0  0.0  189996.58000021367  
1000000.0  189991.4500005343  1000000.0  1000000.0  1000000.0  1000000.0  36091.535500529004  1000000.0  189994.87000032054  189994.87000032054  1000000.0  1000000.0  0.0  

$$$$$$$$$$$$$$$$$$$$$$$$$$$$$$$$$$$$$$$$$$$$$$$$$$$$$$$$$$$$$$$$$$$$$$$$$$$$$$$$$$$$$$$$$$$$$$
Iitial IWDPos=7
0.006199370638858087   0.006199370638858087   0.006199370638858087   0.006199370638858087   0.03263058501832686   0.006199370638858087   0.006199370638858087   0.0   0.006199370638858087   0.006199370638858087   0.006199370638858087   0.006199370638858087   0.9053757085930924   
sumofProp=1.0
sorted 0.0  0.006199370638858087  0.006199370638858087  0.006199370638858087  0.006199370638858087  0.006199370638858087  0.006199370638858087  0.006199370638858087  0.006199370638858087  0.006199370638858087  0.006199370638858087  0.03263058501832686  0.9053757085930924  
rand=0.10230128002001238
0.0  0.006199370638858087  0.012398741277716174  0.01859811191657426  0.02479748255543235  0.030996853194290436  0.03719622383314852  0.04339559447200661  0.0495949651108647  0.055794335749722784  0.06199370638858087  0.09462429140690773  1.0  
next feature =12
0.019801763759325856   0.10422627679969199   0.019801763759325856   0.019801763759325856   0.019801763759325856   0.019801763759325856   0.5487125756116826   0.0   0.10422440063667227   0.10422440063667227   0.019801763759325856   0.019801763759325856   0.0   
sumofProp=1.0000000000000002
sorted 0.0  0.0  0.019801763759325856  0.019801763759325856  0.019801763759325856  0.019801763759325856  0.019801763759325856  0.019801763759325856  0.019801763759325856  0.10422440063667227  0.10422440063667227  0.10422627679969199  0.5487125756116826  
rand=0.858816914682548
0.0  0.0  0.019801763759325856  0.03960352751865171  0.05940529127797757  0.07920705503730342  0.09900881879662927  0.11881058255595513  0.138612346315281  0.24283674695195326  0.3470611475886255  0.4512874243883175  1.0  
next feature =6
0.0012728140019870457   0.0012728140019870457   0.0012728140019870457   0.9885446739821168   0.0012728140019870457   0.0012728140019870457   0.0   0.0   0.0012728140019870457   0.0012728140019870457   0.0012728140019870457   0.0012728140019870457   0.0   
sumofProp=1.0000000000000004
sorted 0.0  0.0  0.0  0.0012728140019870457  0.0012728140019870457  0.0012728140019870457  0.0012728140019870457  0.0012728140019870457  0.0012728140019870457  0.0012728140019870457  0.0012728140019870457  0.0012728140019870457  0.9885446739821168  
rand=0.16155695284139915
0.0  0.0  0.0  0.0012728140019870457  0.0025456280039740913  0.003818442005961137  0.005091256007948183  0.006364070009935228  0.007636884011922274  0.008909698013909319  0.010182512015896365  0.011455326017883412  1.0000000000000002  
next feature =3
0.03321166961075145   0.006309712074567366   0.006309712074567366   0.0   0.006309712074567366   0.006309712074567366   0.0   0.0   0.006309712074567366   0.006309712074567366   0.006309712074567366   0.922620345867277   0.0   
sumofProp=1.0
sorted 0.0  0.0  0.0  0.0  0.006309712074567366  0.006309712074567366  0.006309712074567366  0.006309712074567366  0.006309712074567366  0.006309712074567366  0.006309712074567366  0.03321166961075145  0.922620345867277  
rand=0.629003555687082
0.0  0.0  0.0  0.0  0.006309712074567366  0.012619424149134731  0.018929136223702098  0.025238848298269462  0.03154856037283683  0.037858272447404195  0.044167984521971564  0.07737965413272302  1.0  
next feature =11
0.005556365422432585   0.005556365422432585   0.005556365422432585   0.0   0.005556365422432585   0.8127134553478502   0.0   0.0   0.15394835211755428   0.005556365422432585   0.005556365422432585   0.0   0.0   
sumofProp=1.0
sorted 0.0  0.0  0.0  0.0  0.0  0.005556365422432585  0.005556365422432585  0.005556365422432585  0.005556365422432585  0.005556365422432585  0.005556365422432585  0.15394835211755428  0.8127134553478502  
rand=0.34996623491112655
0.0  0.0  0.0  0.0  0.0  0.005556365422432585  0.01111273084486517  0.016669096267297755  0.02222546168973034  0.027781827112162927  0.03333819253459551  0.18728654465214978  1.0  
next feature =5
0.08878135189337798   0.08878135189337798   0.08878135189337798   0.0   0.08878135189337798   0.0   0.0   0.0   0.4673118886397321   0.08878135189337798   0.08878135189337798   0.0   0.0   
sumofProp=1.0
sorted 0.0  0.0  0.0  0.0  0.0  0.0  0.08878135189337798  0.08878135189337798  0.08878135189337798  0.08878135189337798  0.08878135189337798  0.08878135189337798  0.4673118886397321  
rand=0.4041794297017922
0.0  0.0  0.0  0.0  0.0  0.0  0.08878135189337798  0.17756270378675595  0.2663440556801339  0.3551254075735119  0.4439067594668899  
next feature =9
0.006615827860853994   0.006615827860853994   0.006615827860853994   0.0   0.006615827860853994   0.0   0.0   0.0   0.006615827860853994   0.0   0.96692086069573   0.0   0.0   
sumofProp=1.0
sorted 0.0  0.0  0.0  0.0  0.0  0.0  0.0  0.006615827860853994  0.006615827860853994  0.006615827860853994  0.006615827860853994  0.006615827860853994  0.96692086069573  
rand=0.27517019256135855
0.0  0.0  0.0  0.0  0.0  0.0  0.0  0.006615827860853994  0.013231655721707989  0.019847483582561984  0.026463311443415977  0.03307913930426997  1.0  
next feature =10
0.7703217637376861   0.02779435672807459   0.02779435672807459   0.0   0.02779435672807459   0.0   0.0   0.0   0.14629516607809018   0.0   0.0   0.0   0.0   
sumofProp=1.0000000000000002
sorted 0.0  0.0  0.0  0.0  0.0  0.0  0.0  0.0  0.02779435672807459  0.02779435672807459  0.02779435672807459  0.14629516607809018  0.7703217637376861  
rand=0.5877299242329986
0.0  0.0  0.0  0.0  0.0  0.0  0.0  0.0  0.02779435672807459  0.05558871345614918  0.08338307018422376  0.22967823626231393  1.0  
next feature =0
0.0   0.8308446923822215   0.15777074287086612   0.0   0.00569228237345617   0.0   0.0   0.0   0.00569228237345617   0.0   0.0   0.0   0.0   
sumofProp=1.0
sorted 0.0  0.0  0.0  0.0  0.0  0.0  0.0  0.0  0.0  0.00569228237345617  0.00569228237345617  0.15777074287086612  0.8308446923822215  
rand=0.8002011693510956
0.0  0.0  0.0  0.0  0.0  0.0  0.0  0.0  0.0  0.00569228237345617  0.01138456474691234  0.16915530761777847  1.0  
next feature =1

#############################################################
Cross Validation Accuracy = 94.382%
94.382
**********************Path soil matrix for iwd**********************
0.0  677.4171657301763  36083.310401043076  1000000.0  1000000.0  1000000.0  1000000.0  1000000.0  1000000.0  1000000.0  1000000.0  1000000.0  1000000.0  
1000000.0  0.0  1000000.0  1000000.0  189989.74000064118  1000000.0  1000000.0  1000000.0  1000000.0  1292.3960786658686  1000000.0  1000000.0  1000000.0  
1000000.0  1000000.0  0.0  1000000.0  1000000.0  1000000.0  1000000.0  36091.12510055466  1000000.0  1000000.0  1000000.0  1000000.0  1000000.0  
189988.03000074805  1000000.0  1000000.0  0.0  1000000.0  1000000.0  1000000.0  189984.6100009618  1000000.0  1000000.0  1000000.0  680.6876755257696  1000000.0  
1000000.0  1000000.0  1000000.0  189988.03000074805  0.0  1000000.0  189988.03000074805  189994.87000032054  1000000.0  1000000.0  1000000.0  1000000.0  1000000.0  
1000000.0  1000000.0  1000000.0  1000000.0  1000000.0  0.0  1000000.0  1000000.0  189986.32000085496  99994.60000033746  1000000.0  36097.96510012716  1000000.0  
1000000.0  1000000.0  1000000.0  126.45583120757288  1000000.0  1000000.0  0.0  1000000.0  1000000.0  1000000.0  1000000.0  1000000.0  1000000.0  
1000000.0  1000000.0  1000000.0  1000000.0  189989.74000064118  1000000.0  1000000.0  0.0  1000000.0  1000000.0  1000000.0  1000000.0  684.2263277046038  
189993.16000042742  1000000.0  1000000.0  1000000.0  189996.58000021367  1000000.0  189989.74000064118  36091.94590050336  0.0  1000000.0  1000000.0  1000000.0  1000000.0  
1000000.0  1000000.0  1000000.0  1000000.0  1000000.0  1000000.0  1000000.0  1000000.0  1000000.0  0.0  678.3133280741663  1000000.0  189994.87000032054  
3601.3345305415883  1000000.0  1000000.0  1000000.0  1000000.0  1000000.0  1000000.0  1000000.0  189991.4500005343  1000000.0  0.0  1000000.0  1000000.0  
1000000.0  1000000.0  1000000.0  1000000.0  1000000.0  679.5780124951234  1000000.0  1000000.0  36096.25510023404  1000000.0  1000000.0  0.0  189996.58000021367  
1000000.0  189991.4500005343  1000000.0  1000000.0  1000000.0  1000000.0  3607.353550165399  1000000.0  189994.87000032054  189994.87000032054  1000000.0  1000000.0  0.0  
best Cva for genaration6 is =94.382
best path for genaration6 is =7--->12--->6--->3--->11--->5--->9--->10--->0--->1--->
0.0  1287.092614887335  36083.310401043076  1000000.0  1000000.0  1000000.0  1000000.0  1000000.0  1000000.0  1000000.0  1000000.0  1000000.0  1000000.0  
1000000.0  0.0  1000000.0  1000000.0  189989.74000064118  1000000.0  1000000.0  1000000.0  1000000.0  1292.3960786658686  1000000.0  1000000.0  1000000.0  
1000000.0  1000000.0  0.0  1000000.0  1000000.0  1000000.0  1000000.0  36091.12510055466  1000000.0  1000000.0  1000000.0  1000000.0  1000000.0  
189988.03000074805  1000000.0  1000000.0  0.0  1000000.0  1000000.0  1000000.0  189984.6100009618  1000000.0  1000000.0  1000000.0  1293.306583498962  1000000.0  
1000000.0  1000000.0  1000000.0  189988.03000074805  0.0  1000000.0  189988.03000074805  189994.87000032054  1000000.0  1000000.0  1000000.0  1000000.0  1000000.0  
1000000.0  1000000.0  1000000.0  1000000.0  1000000.0  0.0  1000000.0  1000000.0  189986.32000085496  189989.74000064118  1000000.0  36097.96510012716  1000000.0  
1000000.0  1000000.0  1000000.0  240.26607929438848  1000000.0  1000000.0  0.0  1000000.0  1000000.0  1000000.0  1000000.0  1000000.0  1000000.0  
1000000.0  1000000.0  1000000.0  1000000.0  189989.74000064118  1000000.0  1000000.0  0.0  1000000.0  1000000.0  1000000.0  1000000.0  1300.0300226387471  
189993.16000042742  1000000.0  1000000.0  1000000.0  189996.58000021367  1000000.0  189989.74000064118  36091.94590050336  0.0  1000000.0  1000000.0  1000000.0  1000000.0  
1000000.0  1000000.0  1000000.0  1000000.0  1000000.0  1000000.0  1000000.0  1000000.0  1000000.0  0.0  1288.795323340916  1000000.0  189994.87000032054  
6842.535608029018  1000000.0  1000000.0  1000000.0  1000000.0  1000000.0  1000000.0  1000000.0  189991.4500005343  1000000.0  0.0  1000000.0  1000000.0  
1000000.0  1000000.0  1000000.0  1000000.0  1000000.0  1291.1982237407344  1000000.0  1000000.0  36096.25510023404  1000000.0  1000000.0  0.0  189996.58000021367  
1000000.0  189991.4500005343  1000000.0  1000000.0  1000000.0  1000000.0  6853.971745314258  1000000.0  189994.87000032054  189994.87000032054  1000000.0  1000000.0  0.0  

$$$$$$$$$$$$$$$$$$$$$$$$$$$$$$$$$$$$$$$$$$$$$$$$$$$$$$$$$$$$$$$$$$$$$$$$$$$$$$$$$$$$$$$$$$$$$$
Iitial IWDPos=12
0.005890125006317994   0.03100258172730503   0.005890125006317994   0.005890125006317994   0.005890125006317994   0.005890125006317994   0.8598723709140469   0.005890125006317994   0.031002023654051927   0.031002023654051927   0.005890125006317994   0.005890125006317994   0.0   
sumofProp=0.9999999999999998
sorted 0.0  0.005890125006317994  0.005890125006317994  0.005890125006317994  0.005890125006317994  0.005890125006317994  0.005890125006317994  0.005890125006317994  0.005890125006317994  0.031002023654051927  0.031002023654051927  0.03100258172730503  0.8598723709140469  
rand=0.9010623372408308
0.0  0.005890125006317994  0.011780250012635989  0.017670375018953983  0.023560500025271977  0.02945062503158997  0.035340750037907966  0.041230875044225956  0.047121000050543954  0.07812302370459588  0.10912504735864781  0.14012762908595283  0.9999999999999998  
next feature =6
2.3571011963774045E-4   2.3571011963774045E-4   2.3571011963774045E-4   0.997642898803623   2.3571011963774045E-4   2.3571011963774045E-4   0.0   2.3571011963774045E-4   2.3571011963774045E-4   2.3571011963774045E-4   2.3571011963774045E-4   2.3571011963774045E-4   0.0   
sumofProp=1.0000000000000004
sorted 0.0  0.0  2.3571011963774045E-4  2.3571011963774045E-4  2.3571011963774045E-4  2.3571011963774045E-4  2.3571011963774045E-4  2.3571011963774045E-4  2.3571011963774045E-4  2.3571011963774045E-4  2.3571011963774045E-4  2.3571011963774045E-4  0.997642898803623  
rand=0.7866723107029935
0.0  0.0  2.3571011963774045E-4  4.714202392754809E-4  7.071303589132213E-4  9.428404785509618E-4  0.0011785505981887021  0.0014142607178264425  0.0016499708374641828  0.0018856809571019231  0.0021213910767396635  0.002357101196377404  1.0000000000000004  
next feature =3
0.006636424011013884   0.001260819621687657   0.001260819621687657   0.0   0.001260819621687657   0.001260819621687657   0.0   0.00663654347883062   0.001260819621687657   0.001260819621687657   0.001260819621687657   0.9779012951583419   0.0   
sumofProp=1.0
sorted 0.0  0.0  0.0  0.001260819621687657  0.001260819621687657  0.001260819621687657  0.001260819621687657  0.001260819621687657  0.001260819621687657  0.001260819621687657  0.006636424011013884  0.00663654347883062  0.9779012951583419  
rand=0.8651853114397946
0.0  0.0  0.0  0.001260819621687657  0.002521639243375314  0.0037824588650629707  0.005043278486750628  0.0063040981084382846  0.0075649177301259415  0.0088257373518136  0.015462161362827484  0.022098704841658105  1.0  
next feature =11
0.001232157317299595   0.001232157317299595   0.001232157317299595   0.0   0.001232157317299595   0.9572359294839689   0.0   0.001232157317299595   0.03413896929493401   0.001232157317299595   0.001232157317299595   0.0   0.0   
sumofProp=1.0
sorted 0.0  0.0  0.0  0.0  0.001232157317299595  0.001232157317299595  0.001232157317299595  0.001232157317299595  0.001232157317299595  0.001232157317299595  0.001232157317299595  0.03413896929493401  0.9572359294839689  
rand=0.9771164905462355
0.0  0.0  0.0  0.0  0.001232157317299595  0.00246431463459919  0.0036964719518987853  0.00492862926919838  0.006160786586497975  0.00739294390379757  0.008625101221097164  0.04276407051603118  1.0  
next feature =5
0.06050646871737111   0.06050646871737111   0.06050646871737111   0.0   0.06050646871737111   0.0   0.0   0.06050646871737111   0.3184834604139945   0.31847772728177876   0.06050646871737111   0.0   0.0   
sumofProp=0.9999999999999998
sorted 0.0  0.0  0.0  0.0  0.0  0.06050646871737111  0.06050646871737111  0.06050646871737111  0.06050646871737111  0.06050646871737111  0.06050646871737111  0.31847772728177876  0.3184834604139945  
rand=0.6663553992703409
0.0  0.0  0.0  0.0  0.0  0.06050646871737111  0.12101293743474222  0.18151940615211332  0.24202587486948443  0.30253234358685555  0.36303881230422663  0.6815165395860054  
next feature =9
0.001274971955749391   0.001274971955749391   0.001274971955749391   0.0   0.001274971955749391   0.0   0.0   0.001274971955749391   0.001274971955749391   0.0   0.9923501682655036   0.0   0.0   
sumofProp=0.9999999999999999
sorted 0.0  0.0  0.0  0.0  0.0  0.0  0.001274971955749391  0.001274971955749391  0.001274971955749391  0.001274971955749391  0.001274971955749391  0.001274971955749391  0.9923501682655036  
rand=0.46193212201226896
0.0  0.0  0.0  0.0  0.0  0.0  0.001274971955749391  0.002549943911498782  0.0038249158672481734  0.005099887822997564  0.006374859778746955  0.007649831734496346  0.9999999999999999  
next feature =10
0.9404250846022577   0.006431156152886222   0.006431156152886222   0.0   0.006431156152886222   0.0   0.0   0.006431156152886222   0.033850290786197196   0.0   0.0   0.0   0.0   
sumofProp=0.9999999999999999
sorted 0.0  0.0  0.0  0.0  0.0  0.0  0.0  0.006431156152886222  0.006431156152886222  0.006431156152886222  0.006431156152886222  0.033850290786197196  0.9404250846022577  
rand=0.987151174948544
0.0  0.0  0.0  0.0  0.0  0.0  0.0  0.006431156152886222  0.012862312305772445  0.019293468458658668  0.02572462461154489  0.05957491539774208  0.9999999999999998  
next feature =0
0.0   0.9620820315291249   0.03421463260719804   0.0   0.0012344452878924508   0.0   0.0   0.0012344452878924508   0.0012344452878924508   0.0   0.0   0.0   0.0   
sumofProp=1.0000000000000002
sorted 0.0  0.0  0.0  0.0  0.0  0.0  0.0  0.0  0.0012344452878924508  0.0012344452878924508  0.0012344452878924508  0.03421463260719804  0.9620820315291249  
rand=0.5930809616374343
0.0  0.0  0.0  0.0  0.0  0.0  0.0  0.0  0.0012344452878924508  0.0024688905757849016  0.003703335863677352  0.03791796847087539  1.0000000000000002  
next feature =1
0.0   0.0   0.12101363122188993   0.0   0.6369591063343302   0.0   0.0   0.12101363122188993   0.12101363122188993   0.0   0.0   0.0   0.0   
sumofProp=0.9999999999999999
sorted 0.0  0.0  0.0  0.0  0.0  0.0  0.0  0.0  0.0  0.12101363122188993  0.12101363122188993  0.12101363122188993  0.6369591063343302  
rand=0.26908388507333236
0.0  0.0  0.0  0.0  0.0  0.0  0.0  0.0  0.0  0.12101363122188993  0.24202726244377987  0.36304089366566983  
next feature =8

#############################################################
Cross Validation Accuracy = 93.2584%
93.2584
**********************Path soil matrix for iwd**********************
0.0  121.50926193873197  36083.310401043076  1000000.0  1000000.0  1000000.0  1000000.0  1000000.0  1000000.0  1000000.0  1000000.0  1000000.0  1000000.0  
1000000.0  0.0  1000000.0  1000000.0  189989.74000064118  1000000.0  1000000.0  1000000.0  99991.90000050623  1292.3960786658686  1000000.0  1000000.0  1000000.0  
1000000.0  1000000.0  0.0  1000000.0  1000000.0  1000000.0  1000000.0  36091.12510055466  1000000.0  1000000.0  1000000.0  1000000.0  1000000.0  
189988.03000074805  1000000.0  1000000.0  0.0  1000000.0  1000000.0  1000000.0  189984.6100009618  1000000.0  1000000.0  1000000.0  126.63065851864576  1000000.0  
1000000.0  1000000.0  1000000.0  189988.03000074805  0.0  1000000.0  189988.03000074805  189994.87000032054  1000000.0  1000000.0  1000000.0  1000000.0  1000000.0  
1000000.0  1000000.0  1000000.0  1000000.0  1000000.0  0.0  1000000.0  1000000.0  189986.32000085496  18994.474000345363  1000000.0  36097.96510012716  1000000.0  
1000000.0  1000000.0  1000000.0  22.22660804193864  1000000.0  1000000.0  0.0  1000000.0  1000000.0  1000000.0  1000000.0  1000000.0  1000000.0  
1000000.0  1000000.0  1000000.0  1000000.0  189989.74000064118  1000000.0  1000000.0  0.0  1000000.0  1000000.0  1000000.0  1000000.0  1300.0300226387471  
189993.16000042742  1000000.0  1000000.0  1000000.0  189996.58000021367  1000000.0  189989.74000064118  36091.94590050336  0.0  1000000.0  1000000.0  1000000.0  1000000.0  
1000000.0  1000000.0  1000000.0  1000000.0  1000000.0  1000000.0  1000000.0  1000000.0  1000000.0  0.0  123.47953267159053  1000000.0  189994.87000032054  
677.9535611966503  1000000.0  1000000.0  1000000.0  1000000.0  1000000.0  1000000.0  1000000.0  189991.4500005343  1000000.0  0.0  1000000.0  1000000.0  
1000000.0  1000000.0  1000000.0  1000000.0  1000000.0  125.51982259907278  1000000.0  1000000.0  36096.25510023404  1000000.0  1000000.0  0.0  189996.58000021367  
1000000.0  189991.4500005343  1000000.0  1000000.0  1000000.0  1000000.0  684.4971745876757  1000000.0  189994.87000032054  189994.87000032054  1000000.0  1000000.0  0.0  
best Cva for genaration7 is =93.2584
best path for genaration7 is =12--->6--->3--->11--->5--->9--->10--->0--->1--->8--->
0.0  230.86759768359073  36083.310401043076  1000000.0  1000000.0  1000000.0  1000000.0  1000000.0  1000000.0  1000000.0  1000000.0  1000000.0  1000000.0  
1000000.0  0.0  1000000.0  1000000.0  189989.74000064118  1000000.0  1000000.0  1000000.0  189984.6100009618  1292.3960786658686  1000000.0  1000000.0  1000000.0  
1000000.0  1000000.0  0.0  1000000.0  1000000.0  1000000.0  1000000.0  36091.12510055466  1000000.0  1000000.0  1000000.0  1000000.0  1000000.0  
189988.03000074805  1000000.0  1000000.0  0.0  1000000.0  1000000.0  1000000.0  189984.6100009618  1000000.0  1000000.0  1000000.0  240.59825118542693  1000000.0  
1000000.0  1000000.0  1000000.0  189988.03000074805  0.0  1000000.0  189988.03000074805  189994.87000032054  1000000.0  1000000.0  1000000.0  1000000.0  1000000.0  
1000000.0  1000000.0  1000000.0  1000000.0  1000000.0  0.0  1000000.0  1000000.0  189986.32000085496  36089.50060065619  1000000.0  36097.96510012716  1000000.0  
1000000.0  1000000.0  1000000.0  42.230555279683415  1000000.0  1000000.0  0.0  1000000.0  1000000.0  1000000.0  1000000.0  1000000.0  1000000.0  
1000000.0  1000000.0  1000000.0  1000000.0  189989.74000064118  1000000.0  1000000.0  0.0  1000000.0  1000000.0  1000000.0  1000000.0  1300.0300226387471  
189993.16000042742  1000000.0  1000000.0  1000000.0  189996.58000021367  1000000.0  189989.74000064118  36091.94590050336  0.0  1000000.0  1000000.0  1000000.0  1000000.0  
1000000.0  1000000.0  1000000.0  1000000.0  1000000.0  1000000.0  1000000.0  1000000.0  1000000.0  0.0  234.611112076022  1000000.0  189994.87000032054  
1288.1117662736356  1000000.0  1000000.0  1000000.0  1000000.0  1000000.0  1000000.0  1000000.0  189991.4500005343  1000000.0  0.0  1000000.0  1000000.0  
1000000.0  1000000.0  1000000.0  1000000.0  1000000.0  238.4876629382383  1000000.0  1000000.0  36096.25510023404  1000000.0  1000000.0  0.0  189996.58000021367  
1000000.0  189991.4500005343  1000000.0  1000000.0  1000000.0  1000000.0  1300.5446317165836  1000000.0  189994.87000032054  189994.87000032054  1000000.0  1000000.0  0.0  

$$$$$$$$$$$$$$$$$$$$$$$$$$$$$$$$$$$$$$$$$$$$$$$$$$$$$$$$$$$$$$$$$$$$$$$$$$$$$$$$$$$$$$$$$$$$$$
